
0.0020001
0.0020002
0.0020002
0.0020001
0.0020001
0.0020001
0.0020001
0.0020001
0.0020001
0.0020001
0.0020001
0.0030001
0.0020001
0.0030002
0.0020001
0.0020001
0.0020001
0.0020001
0.0020001
0.0020001
0.0020001
0.0020002
0.0020002
0.0020001
0.0020001
0.0020001
0.0020001
0.0020001
0.0020001
0.0020001
0.0020001
0.0030002
0.0020001
0.0020001
0.0020001
0.0020001
0.0020001
0.0020001
0.0020001
0.0020001
0.0020001
0.0020001
0.0020001
0.0020001
0.0020001
0.0020001
0.0020002
0.0020001
0.0020001
0.0020001
0.0020001
0.0020002
0.0020001
0.0020001
0.0020001
0.0020002
0.0020001
0.0020001
0.0020001
0.0020001
0.0030001
0.0020001
0.0020001
0.0020001
0.0020002
0.0020001
0.0020001
0.0020001
0.0020002
0.0020001
0.0030002
0.0030001
0.0020001
0.0020002
0.0020001
0.0020002
0.0020001
0.0020001
0.0020001
0.0020001
0.0020001
0.0020001
0.0020001
0.0020001
0.0020001
0.0020002
0.0030002
0.0020001
0.0020001
0.0020001
0.0020001
0.0020001
